0.389030218
0.122587681
0.122805595
0.125269175
0.137501002
0.168780804
0.130901575
0.112154484
0.111018896
0.108229875
0.110323906
0.109931707
0.120153189
0.138045549
0.103546142
0.10334301
0.114154815
0.114574433
0.105506182
0.105904817
0.110108137
0.111608506
0.106337548
0.107409716
0.101745605
0.106021404
0.100674153
0.1147542
0.122377158
0.100756406
0.106232881
0.111497879
0.109118223
0.10402894
0.108274937
0.110948563
0.108048677
0.102502346
0.107835054
0.110904217
0.10206604
0.109097243
0.105480194
0.106049299
0.104163647
0.109919548
0.109449863
0.111643076
0.107888222
0.109706879
0.115529061
0.108791113
0.109196663
0.110447407
0.110630513
0.114413976
0.112248659
0.103239298
0.110715151
0.1094172
0.11042428
0.108495474
0.094731092
0.100061416
0.097533942
0.09958911
0.115776778
0.101952314
0.099761248
0.086869478
0.089953661
0.107315302
0.10620141
0.114425183
0.094386339
0.107311011
0.112033128
0.105293274
0.101658105
0.101352454
0.108456373
0.09924674
0.100233316
0.101548433
0.104784489
0.107837677
0.104579448
0.100943326
0.09325552
0.112549305
0.117086649
0.118443013
0.116333484
0.100221157
0.101881981
0.098074913
0.101954221
0.100998401
0.104489088
0.104499579
0.100949287
0.103266954
0.112913847
0.111679316
0.10991478
0.119951009
0.116720199
0.117513179
0.109013796
0.111515283
0.113543511
0.102994204
0.10545826
0.104815006
0.103750944
0.105084657
0.112948894
0.109752178
0.119854927
0.118080616
0.110065461
0.10756588
0.113813639
0.11602521
0.104673147
0.114539147
0.121758938
0.11673212
0.102090359
0.107869148
0.105164766
0.111196279
0.104593277
0.105204344
0.103329182
0.107779264
0.105472565
0.107060671
0.123099804
0.111108064
0.10537076
0.108214855
0.106010437
0.107043982
0.120541811
0.114927531
0.104733705
0.115266561
0.108747721
0.112141848
0.104482174
0.111292601
0.104601145
0.115418196
0.113438368
0.103385687
0.131302357
0.178601742
0.190799475
0.165070534
0.181319713
0.164706469
0.155472279
0.157572508
0.155614853
0.15628767
0.155462027
0.156993866
0.160812617
0.172356844
0.171968698
0.171330691
0.16489172
0.174192428
0.165975809
0.172022104
0.164964676
0.165103435
0.166950703
0.170631885
0.163166046
0.173230409
0.126051665
0.158621311
0.147694111
0.108886957
0.108619928
0.120390415
0.158685685
0.175137043
0.171947956
0.174999953
0.189229727
0.199191332
0.181639672
0.185187102
0.186688424
0.180826426
0.126809597
0.144284487
0.182369709
0.182284594
0.185703993
0.179118634
0.188206196
0.176496983
0.156591177
0.170624256
0.16359973
0.172815323
0.179705381
0.181499482
0.153922081
0.177019119
0.184443236
0.181799412
0.178548813
0.177140475
0.181607484
0.180314541
0.178435564
0.183982134
0.175179719
0.176250219
0.176047325
0.173732519
0.190169096
0.191447734
0.100503683
0.097988606
0.094736815
0.09210515
0.096908092
0.101222753
0.090530872
0.103132486
0.102515936
0.10335207
0.091500998
0.122756958
0.130579233
0.106519699
0.110816002
0.096768857
0.185909987
0.113185883
0.164815903
0.186356306
0.180977583
0.17978406
0.148018837
0.095113993
0.118939639
0.144971847
0.125916719
0.178614616
0.137317657
0.187481403
0.172364473
0.168181419
0.173723698
0.170176745
0.178076983
0.170217275
0.170573234
0.17944479
0.101341725
0.102034807
0.096426487
0.104498148
0.100739479
0.100571871
0.167930603
0.178217173
0.113948822
0.111070871
0.094140053
0.105742454
0.110536575
0.113464356
0.096640348
0.169711829
0.166685343
0.186305523
0.112151145
0.107860088
0.105866909
0.108705521
0.107192755
0.090215922
0.103652
0.114551544
0.117423773
0.147225857
0.107635498
0.117886305
0.113084793
0.109548569
0.106511116
0.112971782
0.105073452
0.112597227
0.106853723
0.108925819
0.109968901
0.11615181
0.112825871
0.111027718
0.110312939
0.106063366
0.109568357
0.110903025
0.118417978
0.105265856
0.107969999
0.111462593
0.121540308
0.109434843
0.111968756
0.126376152
0.124746323
0.120319128
0.122392177
0.120416402
0.117355585
0.118538857
0.124131441
0.120124579
0.120088577
0.121032953
0.12204504
0.123912096
0.110256195
0.118057728
0.122579098
0.108682155
0.123768091
0.09932518
0.107637644
0.136249066
0.108755827
0.109600783
0.120482922
0.11922121
0.114708662
0.148104907
0.134398699
0.122687578
0.131595611
0.108355999
0.13818264
0.130919456
0.141996384
0.132260322
0.111095667
0.13860941
0.090932369
0.096415281
0.090977192
0.095273494
0.098053456
0.096622467
0.115187645
0.100965976
0.103909016
0.105433464
0.108528376
0.105231762
0.092959881
0.100862265
0.117885828
0.107859612
0.088685274
0.094423056
0.094160319
0.092983484
0.086297989
0.091376304
0.090956449
0.093442201
0.098399877
0.09557724
0.091977358
0.091195107
0.700433969
